0 0 0 0 0 0 0 0 0 0 0 0 0 0 0 0 0 0 0 0 1
4 -1 -1 -1 0 0 0 0 0 -1 0 0 0 -4 -3 4 0 0 0 0 0
0 0 0 0 0 0 0 0 0 0 0 0 0 0 1 0 0 0 0 0 0
0 0 0 0 0 0 0 0 0 0 0 0 0 0 0 1 0 0 0 0 0
0 0 0 0 0 0 0 0 0 0 0 0 0 1 0 0 0 0 0 0 0
3 -1 -1 0 0 0 0 0 0 0 0 0 0 -3 -3 4 0 0 0 0 -1
3 -1 -1 0 0 0 0 0 0 0 0 0 0 -3 -3 3 0 0 0 0 0
0 0 0 0 0 0 0 0 0 0 0 -1 0 3 3 -4 0 0 0 0 0
12 -4 -3 -3 0 0 1 0 0 -3 0 -1 0 -12 -9 12 0 0 3 0 -4
0 0 1 0 0 0 0 0 0 0 0 0 0 0 0 0 0 0 0 0 0
4 -1 -1 -1 0 0 0 0 0 0 0 0 0 -4 -4 4 0 0 0 0 0
-12 4 4 3 0 0 -1 0 0 3 0 0 0 15 12 -16 0 0 -3 0 4
0 0 0 0 0 0 0 0 0 1 0 0 0 0 0 0 0 0 0 0 0
0 0 0 0 0 0 0 0 0 0 0 1 0 0 0 0 0 0 0 0 0
0 0 0 0 0 0 0 0 0 0 0 0 0 0 0 0 0 0 1 0 0
12 -4 -4 0 0 0 0 0 0 0 0 0 0 -12 -9 12 0 0 3 0 -4
0 1 0 0 0 0 -1 0 0 0 0 1 0 0 0 0 0 0 0 0 0
-12 4 4 3 0 0 -1 0 0 3 0 1 0 12 12 -12 0 0 0 0 4
24 -7 -7 -3 0 0 0 0 0 -3 0 0 0 -21 -21 24 0 0 0 0 -4
0 1 1 0 0 0 -1 0 0 0 0 1 0 3 0 0 0 0 -3 0 4
0 1 1 0 0 0 0 0 0 0 0 0 0 3 0 0 0 0 -3 0 4
0 0 0 0 0 0 1 0 0 0 0 -1 0 0 3 0 0 0 3 0 0
-12 4 4 3 0 0 0 0 0 3 0 0 0 12 12 -12 0 0 0 0 4
12 -4 -4 0 0 0 1 0 0 0 0 -1 0 -12 -9 12 0 0 3 0 -4
0 1 0 0 0 0 0 0 0 0 0 0 0 0 0 0 0 0 0 0 0
12 -3 -3 -3 0 0 1 0 0 -3 0 -1 0 -9 -9 12 0 0 0 0 0
0 1 0 3 0 0 -1 0 0 0 0 0 0 3 3 -4 0 0 -3 0 4
24 -7 -7 -3 0 0 1 0 0 -3 0 -1 0 -21 -21 24 0 0 0 0 -4
0 1 0 3 0 0 -1 0 0 0 0 0 0 3 3 0 0 0 -3 0 0
0 0 0 1 0 0 0 0 0 0 0 0 0 0 0 0 0 0 0 0 0
0 0 0 0 0 0 1 0 0 0 0 0 0 0 0 0 0 0 0 0 0
12 -3 -3 0 0 0 0 0 0 -3 0 0 0 -12 -9 16 0 0 0 0 -4
0 0 0 1 0 0 0 0 0 0 0 0 0 1 0 0 0 0 -1 0 0
12 -4 -3 0 0 0 1 0 0 -3 0 0 0 -12 -9 16 0 0 0 0 -4
12 -4 -3 0 0 0 1 0 0 -3 0 0 0 -12 -9 12 0 0 0 0 0
0 0 0 3 0 0 0 0 0 0 0 0 0 3 3 -4 0 0 -3 0 4
12 -3 -3 0 0 0 -1 0 0 0 0 1 0 -9 -12 12 0 0 -3 0 0
12 -4 -3 -3 0 0 1 0 0 0 0 0 0 -12 -12 16 0 0 3 0 -4
0 0 0 0 0 0 0 0 0 3 0 0 0 3 0 -4 0 0 0 0 4
12 -4 -3 -3 0 0 1 0 0 0 0 0 0 -12 -12 12 0 0 3 0 0
0 0 0 3 0 0 -1 0 0 3 0 1 0 0 0 0 0 0 0 0 0
12 -3 -3 -3 0 0 0 0 0 0 0 0 0 -12 -12 16 0 0 3 0 -4
0 1 0 0 0 0 -1 0 0 3 0 0 0 3 0 0 0 0 0 0 0
0 1 0 0 0 0 -1 0 0 3 0 0 0 3 0 -4 0 0 0 0 4